
Name                           Value
----                           -----
6370 42                        -1104735
8030 79                        -1103075
11571 133                      -1099534
15025 91                       -1096080
20581 15                       -1090524
27600 88                       -1083505
32365 106                      -1078740
37541 80                       -1073564
41183 46                       -1069922
42146 128                      -1068959
44475 65                       -1066630
46118 114                      -1064987
48687 99                       -1062418
48687 98                       -1062418
49307 135                      -1061798
54909 92                       -1056196
59543 117                      -1051562
59543 118                      -1051562
68331 45                       -1042774
68331 44                       -1042774
68861 154                      -1042244
72966 108                      -1038139
76239 132                      -1034866
79808 104                      -1031297
83801 95                       -1027304
91204 86                       -1019901
91447 167                      -1019658
91941 173                      -1019164
96530 170                      -1014575
101559 93                      -1009546
104564 3                       -1006541
104564 2                       -1006541
107068 26                      -1004037
112879 158                     -998226
113079 90                      -998026
116852 82                      -994253
118575 5                       -992530
122474 57                      -988631
129431 97                      -981674
133483 8                       -977622
139444 119                     -971661
147595 53                      -963510
150415 64                      -960690
150894 165                     -960211
154868 39                      -956237
155076 66                      -956029
159772 124                     -951333
160031 129                     -951074
161177 61                      -949928
162563 126                     -948542
165950 140                     -945155
166403 155                     -944702
167082 20                      -944023
167698 77                      -943407
168016 89                      -943089
168342 72                      -942763
169253 161                     -941852
169253 162                     -941852
169762 152                     -941343
169762 151                     -941343
187203 59                      -923902
191941 121                     -919164
191941 122                     -919164
195502 48                      -915603
199430 134                     -911675
200517 12                      -910588
202826 146                     -908279
204980 35                      -906125
204980 36                      -906125
204980 37                      -906125
204980 34                      -906125
204980 38                      -906125
206026 70                      -905079
206453 109                     -904652
214035 149                     -897070
218324 73                      -892781
218324 74                      -892781
219572 113                     -891533
223576 14                      -887529
223576 13                      -887529
224433 144                     -886672
226934 78                      -884171
227028 176                     -884077
228452 47                      -882653
248187 142                     -862918
250311 169                     -860794
250311 168                     -860794
260247 24                      -850858
262350 105                     -848755
274176 125                     -836929
292668 139                     -818437
305055 181                     -806050
305055 180                     -806050
313370 7                       -797735
319961 67                      -791144
320462 156                     -790643
329412 166                     -781693
336740 101                     -774365
353476 131                     -757629
356320 19                      -754785
365535 157                     -745570
368498 51                      -742607
368565 31                      -742540
396999 148                     -714106
407611 29                      -703494
415350 21                      -695755
415799 116                     -695306
418148 103                     -692957
425436 110                     -685669
428219 11                      -682886
429885 136                     -681220
429885 137                     -681220
442073 100                     -669032
455079 94                      -656026
455180 147                     -655925
459262 23                      -651843
462087 179                     -649018
465758 56                      -645347
479266 63                      -631839
480488 25                      -630617
487386 175                     -623719
487393 164                     -623712
488089 145                     -623016
506778 28                      -604327
507572 96                      -603533
545487 27                      -565618
555726 153                     -555379
561901 130                     -549204
607373 52                      -503732
625670 69                      -485435
629772 123                     -481333
638533 178                     -472572
650413 71                      -460692
664755 112                     -446350
667933 76                      -443172
690241 10                      -420864
704645 172                     -406460
749272 33                      -361833
771670 18                      -339435
773352 150                     -337753
773487 141                     -337618
795842 55                      -315263
814526 102                     -296579
829986 60                      -281119
853288 62                      -257817
857488 107                     -253617
930445 111                     -180660
975871 50                      -135234
991109 43                      -119996
1007437 41                     -103668
1102438 87                     -8667
1117448 177                    6343
1148106 9                      37001
1166917 163                    55812
1192047 171                    80942
1277072 40                     165967
1341241 75                     230136
1360633 127                    249528
1411558 120                    300453
1604834 174                    493729
1619134 143                    508029
1660571 68                     549466
1763961 22                     652856
1821199 160                    710094
1838290 32                     727185
1944601 6                      833496
2311417 159                    1200312
2453790 58                     1342685
2673109 30                     1562004
3405360 138                    2294255
3479138 17                     2368033
3624517 85                     2513412
4141432 16                     3030327
4776720 84                     3665615
5354883 54                     4243778
7942773 115                    6831668
11285770 4                     10174665
17342655 83                    16231550
17954993 81                    16843888
29493284 49                    28382179
41111105 1                     40000000

